245969721975
245969426481
245969696009
245969664954
245969617715
245969835437
245969377970
245969304319
245969588627
245969706327
245969223575
245969464768
245969170182
245969064611
245969881674
245969903549
245969927996
245969544484
245969655369
245969392421
245969992363
245969717413
245969300178
245969858537
245969109844
245969438706
245969473222
245969163772
245969544095
245969130756
245969299225
245969997311
245969154051
245969351129
245969632730
245969310328
245969176089
245969331550
245969936036
245969235939
245969059245
245969523389
245969603705
245969669477
245969911459
245969464434
245969102231
245969067406
245969504221
245969006945
245969334681
245969471176
245969012860
245969441869
245969627637
245969437787
245969612775
245969308069
245969418513
245969278449
245969029175
245969174873
245969276805
245969034608
245969762733
245969246633
245969296880
245969040841
245969891693
245969111083
245969799496
245969873803
245969091727
245969478572
245969912801
245969028131
245969612963
245969856042
245969559717
245969892434
245969591212
245969608821
245969192371
245969789143
245969647441
245969576694
245969152186
245969448830
245969837865
245969262271
245969244390
245969122358
245969777238
245969525091
245969673837
245969852091
245969944878
245969958716
245969738063
245969088274
